0.000000000000000000e+00 -7.779902830601294283e+01
0.000000000000000000e+00 -7.781358716146745280e+01
0.000000000000000000e+00 -7.782148391991097469e+01
0.000000000000000000e+00 -7.782660746095632476e+01
0.000000000000000000e+00 -7.783021332151541571e+01
0.000000000000000000e+00 -7.783280613859402308e+01
0.000000000000000000e+00 -7.783465363117721836e+01
0.000000000000000000e+00 -7.783593720399950655e+01
0.000000000000000000e+00 -7.783679693279934497e+01
0.000000000000000000e+00 -7.783734422511652440e+01
