0.000000000000000000e+00 -7.962628894125095940e+03
0.000000000000000000e+00 -7.962649751212773481e+03
0.000000000000000000e+00 -7.962608903318739976e+03
0.000000000000000000e+00 -7.962536073186724934e+03
0.000000000000000000e+00 -7.962440163445648068e+03
0.000000000000000000e+00 -7.962323874760129911e+03
0.000000000000000000e+00 -7.962187643829298395e+03
0.000000000000000000e+00 -7.962030833670213724e+03
0.000000000000000000e+00 -7.961852147995085033e+03
0.000000000000000000e+00 -7.961649788834674837e+03
