0.000000000000000000e+00 -1.776460670053033937e+02
0.000000000000000000e+00 -1.776793813814674081e+02
0.000000000000000000e+00 -1.776906136532726066e+02
0.000000000000000000e+00 -1.776909559046348193e+02
0.000000000000000000e+00 -1.776827298943455276e+02
0.000000000000000000e+00 -1.776658560244280238e+02
0.000000000000000000e+00 -1.776387435851429757e+02
0.000000000000000000e+00 -1.775984533828030294e+02
0.000000000000000000e+00 -1.775406213914760940e+02
0.000000000000000000e+00 -1.774590432677622687e+02
