0.000000000000000000e+00 -1.776036996893837738e+02
0.000000000000000000e+00 -1.776460670053033937e+02
0.000000000000000000e+00 -1.776671773989239966e+02
0.000000000000000000e+00 -1.776793813814674081e+02
0.000000000000000000e+00 -1.776866728396969961e+02
0.000000000000000000e+00 -1.776906136532726066e+02
0.000000000000000000e+00 -1.776919221960531559e+02
0.000000000000000000e+00 -1.776909559046348193e+02
0.000000000000000000e+00 -1.776878795942135980e+02
0.000000000000000000e+00 -1.776827298943455276e+02
