0.000000000000000000e+00 -7.781358716146745280e+01
0.000000000000000000e+00 -7.782660746095632476e+01
0.000000000000000000e+00 -7.783280613859402308e+01
0.000000000000000000e+00 -7.783593720399950655e+01
0.000000000000000000e+00 -7.783734422511652440e+01
0.000000000000000000e+00 -7.783782455730796812e+01
0.000000000000000000e+00 -7.783781655458362536e+01
0.000000000000000000e+00 -7.783750621447690321e+01
0.000000000000000000e+00 -7.783694305616829467e+01
0.000000000000000000e+00 -7.783612226868230266e+01
