0.000000000000000000e+00 -7.962649751212773481e+03
0.000000000000000000e+00 -7.962536073186724934e+03
0.000000000000000000e+00 -7.962323874760129911e+03
0.000000000000000000e+00 -7.962030833670213724e+03
0.000000000000000000e+00 -7.961649788834674837e+03
0.000000000000000000e+00 -7.961164625059145692e+03
0.000000000000000000e+00 -7.960551866466114916e+03
0.000000000000000000e+00 -7.959779516744056309e+03
0.000000000000000000e+00 -7.958804382307969718e+03
0.000000000000000000e+00 -7.957567681951876693e+03
