0.000000000000000000e+00 -1.271486186628377254e+03
0.000000000000000000e+00 -1.271503604506200190e+03
0.000000000000000000e+00 -1.271466105621843326e+03
0.000000000000000000e+00 -1.271393397455473860e+03
0.000000000000000000e+00 -1.271286711546763854e+03
0.000000000000000000e+00 -1.271141963713673931e+03
0.000000000000000000e+00 -1.270951620280354291e+03
0.000000000000000000e+00 -1.270704595751295756e+03
0.000000000000000000e+00 -1.270385290381580262e+03
0.000000000000000000e+00 -1.269971800708687169e+03
