0.000000000000000000e+00 -1.271422781534520482e+03
0.000000000000000000e+00 -1.271486186628377254e+03
0.000000000000000000e+00 -1.271505006525279896e+03
0.000000000000000000e+00 -1.271503604506200190e+03
0.000000000000000000e+00 -1.271489699177816192e+03
0.000000000000000000e+00 -1.271466105621843326e+03
0.000000000000000000e+00 -1.271433902675479658e+03
0.000000000000000000e+00 -1.271393397455473860e+03
0.000000000000000000e+00 -1.271344469558312767e+03
0.000000000000000000e+00 -1.271286711546763854e+03
